SAMPLE INPUT 1:
100 60
1 11
2 4
2 95
3 48
4 85
4 95
5 67
5 83
6 76
9 31
9 22
9 55
10 61
10 38
11 96
11 41
12 60
12 69
14 80
14 99
14 46
15 42
15 75
16 87
16 71
18 99
18 44
19 26
19 60
20 89
22 96
22 60
23 88
24 73
27 29
30 32
31 62
33 43
33 47
35 51
35 75
37 89
37 95
38 83
39 53
46 65
47 49
47 94
50 55
51 99
53 100
56 78
66 99
71 78
73 98
76 88
80 90
83 95
85 92
88 94

SAMPLE INPUT 2:
10 7
1 2
1 8
1 4
2 8
2 6
3 5
6 10

SAMPLE INPUT 3:
4 2
1 2
3 4

SAMPLE INPUT 4:
10 10
1 2
2 3
1 4
1 2
1 3
1 5
1 7
1 8
1 10
2 8
2 7
3 5
3 8
3 7
4 10
4 5
4 6
4 7
6 8
6 7

SAMPLE INPUT 5:
3 1
1 2
